state={
	id=11
	name="STATE_11"
	provinces={
		83 88 90 95 98 163 188 200 221 232 234 286 349 358 374 376 380 432 437 443 483 501 509 536 556 588 640 672 689 709 730 840 871 927 998 1058 1062 1069 1092 1150 1151 1204 1219 1239 1260 1274 1305 1306 1330 1356 1363 1364 1369 1443 1445 1480 1483 1542 1571 1577 1626 1639 1677 1678 1781 1803 1988 2028 2034 2064 2109 2144 2145 2172 2203 2270 2291 2292 2340 2404 2426 2448 2504 2509 2551 2571 2574 2578 2670 2685 2721 2747 2841 2843 2877 2895 2956 2991 3005 3031 3070 3101 3127 3170 3262 3294 3298 3372 3401 3406 3444 3460 3543 3544 3548 3653 3746 3792 3858 3861 3875 4009 4026 4031 4070 4082 4136 4229 4241 4281 4305 4332 4334 4412 4460 4530 4640 4665 4757 4764 4770 4821 4829 4831 4879 4891 5025 5084 5155 5172 5182 5191 5193 5291 5306 5423 5429 5430 5461 5471 5564 5582 5622 5625 5661 5761 5772 5775 5873 5883 6051 6060 6062 6078 6116 6127 6132 6143 6144 6171 6177 6182 6223 6224 6237 6264 6265 6279 6289 6290 6298 6299 6303 6304 6305 6306 6311 6315 6342 6350 6370 6376 6380 6384 6387 6392 6403 6404 6409 6414 6426 6436 6437 6440 6453 6458 6461 6477 6491 6496 6518 6521 6539 6540 6542 6543 6549 6552 6556 6575 6589 6593 6598 6613 6622 6628 6636 6637 6638 6643 6647 6656 6662 6667 6668 6669 6677 6678 6682 6691 6695 6706 6710 6712 6718 6719 6741 6759 6760 6778 6782 6783 6806 6813 
	}
	buildings_max_level_factor=1.000
        manpower=1
        state_category = town
        manpower=1
        state_category = town
}
