state={
	id=12
	name="STATE_12"
	provinces={
		5 20 25 34 41 71 78 104 108 109 118 149 185 205 228 271 287 309 333 351 569 634 635 636 666 680 691 720 726 729 733 738 821 841 873 889 895 973 974 995 1005 1039 1053 1114 1188 1234 1298 1303 1327 1386 1553 1670 1674 1737 1745 1770 1811 1822 1857 1871 1877 1886 1924 1977 2004 2008 2012 2052 2074 2152 2220 2246 2283 2347 2353 2364 2398 2399 2403 2464 2493 2528 2533 2553 2613 2642 2656 2668 2748 2792 2806 2813 2820 2822 2847 2906 2920 2996 3064 3066 3106 3141 3151 3178 3185 3197 3220 3341 3465 3468 3568 3630 3664 3716 3720 3724 3739 3744 3758 3815 3836 3867 3910 3968 3970 3971 4156 4195 4257 4276 4280 4322 4388 4400 4418 4419 4435 4564 4625 4650 4774 4804 4812 4826 4935 5013 5056 5069 5094 5126 5221 5283 5469 5473 5674 5746 5782 5876 5968 5972 5973 5984 5987 5990 5992 5996 5999 6000 6001 6007 6009 6010 6015 6017 6034 6037 6038 6041 6043 6072 6080 6099 6104 6106 6108 6131 6138 6149 6154 6166 6172 6176 6179 6188 6195 6199 6204 6213 6226 6232 6238 6239 6261 6268 6275 6295 6300 6309 6317 6318 6330 6341 6347 6357 6358 6386 6407 6428 6438 6449 6478 6529 6560 
	}
	buildings_max_level_factor=1.000
        manpower=1
        state_category = town
        manpower=1
        state_category = town
}
