state={
	id=14
	name="STATE_14"
	provinces={
		111 273 445 559 777 820 901 910 956 983 987 991 1007 1027 1180 1185 1385 1536 1615 1658 1673 1734 1748 1783 1852 2029 2058 2379 2385 2650 2658 2795 2994 3340 3342 3348 3438 3456 3511 3607 4181 4279 4308 4573 4719 4738 4800 4833 5014 5035 5161 5286 5324 5450 5535 5632 6005 6011 6029 6055 6077 6081 6082 6093 6094 6110 6112 6121 6159 6197 6200 6219 6240 6241 6242 6250 6263 6271 6274 6292 
	}
	buildings_max_level_factor=1.000
        manpower=1
        state_category = town
        manpower=1
        state_category = town
}
