state={
	id=15
	name="STATE_15"
	provinces={
		171 206 316 339 340 549 752 838 964 986 1203 1277 1661 1762 1915 1991 2110 2208 2352 2484 2485 2542 2612 2657 2669 2928 2984 3006 3131 3137 3186 3256 3331 3646 3822 3917 3941 4004 4188 4189 4230 4247 4389 4490 4493 4656 5318 5774 5801 5900 6013 6030 6048 6059 6068 6085 6088 6098 6119 6140 6146 6160 6175 6194 6212 6229 6251 6260 6273 6302 6351 
	}
	buildings_max_level_factor=1.000
        manpower=1
        state_category = town
        manpower=1
        state_category = town
}
