state={
	id=17
	name="STATE_17"
	provinces={
		77 84 117 148 213 219 226 294 310 343 417 450 475 485 492 503 599 627 629 637 654 678 694 763 788 881 932 944 946 970 1025 1043 1055 1074 1134 1196 1270 1287 1333 1449 1453 1456 1478 1503 1509 1516 1539 1576 1623 1668 1739 1799 1817 1844 1846 1880 1900 1908 1975 2027 2095 2114 2125 2330 2339 2386 2415 2462 2495 2564 2586 2618 2625 2667 2677 2710 2730 2782 2890 2963 2987 3009 3113 3176 3225 3278 3295 3325 3328 3359 3387 3410 3426 3458 3502 3589 3680 3760 3803 3829 3860 3984 4017 4042 4048 4056 4086 4148 4192 4206 4208 4212 4286 4356 4358 4390 4393 4432 4488 4494 4578 4610 4645 4663 4702 4724 4908 5015 5121 5159 5187 5228 5237 5263 5267 5340 5352 5414 5499 5505 5530 5548 5722 5738 5826 5852 5857 5879 5892 6019 6025 6027 6040 6046 6056 6067 6095 6107 6120 6141 6158 6165 6168 6169 6170 6173 6180 6189 6190 6207 6208 6220 6227 6235 6252 6255 6258 6270 6282 6283 6287 6321 6335 6340 6345 6352 6353 6379 6398 6417 6433 6434 6444 6470 6472 6473 6483 6526 6535 6554 6572 6573 6591 6606 6611 6654 6709 6725 6726 6732 6738 6774 6775 6776 6780 6793 6835 6836 6877 6928 
	}
	buildings_max_level_factor=1.000
        manpower=1
        state_category = town
        manpower=1
        state_category = town
}
