state={
	id=18
	name="STATE_18"
	provinces={
		48 65 133 140 177 181 198 202 229 250 263 292 311 319 337 401 428 468 506 563 583 586 619 652 684 692 716 731 741 786 789 799 823 830 839 842 882 939 971 1061 1147 1168 1177 1189 1198 1231 1238 1266 1309 1337 1346 1387 1412 1416 1431 1442 1494 1517 1529 1606 1611 1636 1680 1688 1690 1967 2011 2045 2080 2087 2122 2132 2182 2190 2228 2231 2234 2241 2242 2244 2262 2310 2323 2325 2444 2568 2576 2621 2635 2698 2716 2812 2826 2867 2904 2909 2942 2968 2976 3013 3050 3056 3102 3121 3194 3237 3238 3339 3361 3371 3382 3415 3457 3463 3478 3488 3531 3592 3659 3719 3730 3732 3757 3784 3790 3794 3900 3903 3931 3954 3958 3961 3987 4037 4045 4047 4065 4097 4098 4159 4174 4232 4246 4278 4282 4285 4315 4427 4451 4478 4554 4609 4624 4715 4785 4825 4874 4911 4931 4934 4941 4979 4983 4992 4995 5055 5067 5089 5108 5163 5301 5328 5341 5377 5380 5413 5467 5525 5544 5589 5711 5767 5809 5841 5998 6004 6035 6039 6049 6057 6074 6092 6100 6113 6118 6122 6135 6147 6148 6155 6161 6186 6187 6201 6205 6218 6243 6244 6269 6277 6301 6310 6314 6316 6322 6328 6329 6331 6332 6348 6355 6366 6367 6369 6378 6390 6391 6400 6411 6412 6429 6432 6450 6454 6466 6479 6493 6499 6507 6525 6553 6564 6565 6571 6580 6583 6596 6603 6605 6610 6618 6619 6640 6641 6650 6666 6674 6698 6721 6722 6723 6724 6753 6762 6766 6767 6779 6788 6789 6799 6800 6811 6834 6844 6845 6855 6863 6876 6895 6901 6903 6908 6927 6949 6954 6960 6987 6988 6994 6995 7009 7023 7027 7030 7037 7045 7070 7071 7077 7110 7120 7121 7130 7212 7228 7306 
	}
	buildings_max_level_factor=1.000
        manpower=1
        state_category = town
        manpower=1
        state_category = town
}
