state={
	id=19
	name="STATE_19"
	provinces={
		6 172 216 227 302 394 425 687 711 797 834 852 894 913 929 996 1138 1173 1276 1406 1495 1531 1617 1765 1766 1810 1909 1937 2013 2030 2171 2281 2447 2458 2472 2518 2620 2679 2725 2810 2860 2947 2980 3022 3125 3189 3288 3324 3357 3498 3499 3532 3571 3594 3636 3932 3937 3951 3985 4094 4313 4401 4453 4623 4673 4822 4878 4895 4924 4972 5041 5103 5154 5214 5309 5364 5385 5392 5420 5456 5457 5496 5571 6231 6234 6247 6253 6276 6294 6313 6323 6334 6338 6339 6368 6383 6389 6396 6416 6431 6443 6459 6500 6519 6524 6528 6541 6550 6570 6577 6578 6615 6625 6652 6664 6693 6704 6708 6752 6764 6792 6822 6823 6830 6859 6875 6964 
	}
	buildings_max_level_factor=1.000
        manpower=1
        state_category = town
        manpower=1
        state_category = town
}
