state={
	id=20
	name="STATE_20"
	provinces={
		63 67 120 154 166 253 299 356 521 533 600 736 756 769 844 907 954 966 997 1030 1036 1116 1125 1190 1257 1441 1578 1633 1654 1720 1888 1942 2178 2189 2229 2243 2252 2296 2309 2417 2429 2466 2473 2503 2559 2627 2761 2849 2941 3103 3126 3203 3210 3272 3314 3529 3566 3591 3640 3644 3749 3765 3820 3823 3895 3953 4213 4288 4330 4532 4723 4783 4841 4990 5005 5051 5188 5194 5197 5215 5307 5401 5448 5731 5757 6162 6203 6230 6266 6280 6286 6296 6312 6333 6343 6354 6361 6363 6377 6399 6423 6427 6441 6442 6480 6481 6482 6492 6503 6512 6538 6557 6558 6582 6600 6601 6604 6609 6614 6624 6658 6663 6679 6684 6686 6715 6728 6742 6824 6843 6858 6869 6872 6899 6909 6919 6942 6977 
	}
	buildings_max_level_factor=1.000
        manpower=1
        state_category = town
        manpower=1
        state_category = town
}
