state={
	id=21
	name="STATE_21"
	provinces={
		173 175 180 195 331 336 338 382 384 454 459 553 598 649 735 802 837 905 945 1079 1107 1118 1157 1228 1232 1281 1366 1419 1565 1569 1797 1820 1835 1963 2055 2091 2104 2263 2288 2298 2356 2367 2450 2556 2654 2681 2726 2831 2844 2921 2932 2949 2990 3016 3124 3135 3160 3266 3420 3432 3441 3475 3487 3507 3587 3623 3893 3894 3957 4020 4102 4187 4289 4404 4430 4498 4499 4647 4675 4693 4803 4834 4870 4922 4928 4998 5007 5074 5087 5140 5160 5179 5445 5700 5721 5726 5748 5790 5880 6125 6142 6151 6185 6216 6246 6248 6249 6256 6262 6278 6297 6319 6326 6336 6373 6374 6401 6420 6422 6435 6463 6476 6489 6501 6502 6517 6551 6568 6569 6592 6597 6635 6642 6661 6685 6739 6756 6757 6771 6797 6802 6803 6804 6826 6846 6847 6853 6897 6918 6931 6936 6947 6969 6970 7068 7102 7114 7172 7185 7233 7266 
	}
	buildings_max_level_factor=1.000
        manpower=1
        state_category = town
        manpower=1
        state_category = town
}
