state={
	id=22
	name="STATE_22"
	provinces={
		16 113 116 122 414 430 441 461 653 662 941 981 1214 1249 1339 1367 1420 1468 1592 1659 1758 1763 1805 1812 1830 2042 2142 2177 2589 2789 2853 2874 2917 3317 3318 3352 3392 3423 3462 3486 3493 3495 3538 3615 3632 3838 3866 3907 3920 4144 4199 4207 4254 4318 4323 4413 4518 4526 4599 4611 4639 4654 4672 4692 5040 5158 5225 5249 5293 5442 5485 5604 5856 6344 6421 6457 6465 6485 6486 6504 6505 6514 6533 6544 6546 6559 6595 6631 6645 6649 6659 6697 6703 6711 6717 6730 6734 6743 6751 6770 6772 6785 6820 6821 6848 6849 6862 6871 6874 6882 6888 6900 6907 6913 6943 6944 6958 6965 6971 6991 6996 7003 7004 7008 7012 7015 7025 7034 7048 7063 7119 7162 
	}
	buildings_max_level_factor=1.000
        manpower=1
        state_category = town
        manpower=1
        state_category = town
}
