state={
	id=24
	name="STATE_24"
	provinces={
		14 81 155 297 435 534 683 685 700 742 896 900 911 912 968 1000 1017 1063 1135 1197 1224 1329 1361 1397 1427 1428 1466 1474 1477 1557 1603 1663 1823 1825 1878 1971 2097 2136 2156 2210 2384 2537 2548 2552 2731 2816 2859 2869 2896 3032 3042 3122 3230 3232 3297 3305 3365 3389 3494 3519 3554 3600 3651 3692 3806 3828 3896 4002 4038 4050 4119 4158 4295 4307 4351 4382 4425 4497 4634 4809 4815 4919 5054 5065 5115 5118 5130 5135 5146 5176 5500 5526 5692 5704 5797 5803 5810 5864 6284 6288 6324 6349 6362 6405 6413 6439 6447 6474 6475 6487 6495 6515 6516 6527 6548 6566 6574 6620 6633 6646 6655 6675 6687 6688 6699 6733 6746 6747 6754 6796 6801 6815 6828 6867 6885 6916 6923 6929 6940 6955 6962 6968 6975 6981 6998 7001 7039 7052 7092 7122 7126 7143 
	}
	buildings_max_level_factor=1.000
        manpower=1
        state_category = town
        manpower=1
        state_category = town
}
