state={
	id=25
	name="STATE_25"
	provinces={
		8 11 21 132 207 288 392 416 426 464 489 491 531 565 579 596 601 614 660 686 819 851 909 921 1148 1200 1215 1227 1268 1275 1290 1365 1370 1418 1555 1580 1640 1699 1708 1714 1730 1744 1912 1927 1940 2016 2037 2039 2063 2121 2157 2207 2235 2277 2290 2348 2365 2420 2422 2441 2453 2505 2697 2722 2753 2776 2870 2950 2979 3023 3034 3040 3090 3107 3128 3138 3215 3240 3283 3469 3477 3483 3513 3555 3577 3599 3645 3679 3714 3762 3960 4053 4060 4063 4074 4221 4263 4311 4414 4538 4683 4732 4734 4790 4801 4903 4950 4985 5038 5091 5109 5168 5178 5185 5235 5310 5339 5431 5488 5532 5536 5542 5554 5679 5783 5791 5858 5875 6308 6325 6346 6356 6365 6408 6418 6419 6424 6451 6455 6488 6510 6536 6537 6567 6584 6612 6621 6630 6634 6681 6689 6690 6700 6748 6755 6768 6777 6781 6790 6794 6816 6837 6838 6839 6852 6860 6865 6868 6881 6886 6904 6905 6912 6917 6930 6935 6941 6952 6976 6982 6985 7014 7021 7022 7028 7032 7040 7056 7062 7073 7074 7089 7090 7093 7101 7113 7118 7128 7137 7150 7160 7161 7177 7178 7188 7201 7202 7206 7214 7242 7243 7253 7261 7262 7281 7289 7291 7292 7308 7331 7332 7338 7345 7392 7424 7429 7462 7477 
	}
	buildings_max_level_factor=1.000
        manpower=1
        state_category = town
        manpower=1
        state_category = town
}
