state={
	id=26
	name="STATE_26"
	provinces={
		142 161 170 223 254 295 347 352 444 525 642 647 719 793 796 920 931 1064 1108 1241 1289 1328 1506 1635 1647 1669 1696 1705 1738 1743 1749 1780 1863 1895 1905 1987 2007 2014 2062 2120 2170 2180 2449 2481 2547 2779 2781 2788 2944 2965 3117 3195 3202 3281 3336 3346 3509 3563 3635 3737 3788 3901 3946 4011 4012 4061 4067 4113 4130 4194 4259 4268 4290 4685 4727 4744 4802 4807 4843 4877 4952 5186 5350 5366 5483 5580 5586 5591 5640 5655 5697 5730 5736 5793 5795 5893 5924 6320 6381 6395 6406 6410 6415 6430 6445 6446 6456 6464 6468 6469 6484 6497 6498 6508 6522 6523 6530 6531 6532 6561 6576 6581 6585 6586 6587 6594 6599 6607 6608 6623 6648 6657 6670 6671 6672 6683 6692 6696 6702 6707 6713 6714 6720 6727 6750 6761 6763 6769 6791 6807 6817 6829 6841 6842 6879 6887 6898 6906 6924 6932 6948 6956 6963 
	}
	buildings_max_level_factor=1.000
        manpower=1
        state_category = town
        manpower=1
        state_category = town
}
