state={
	id=27
	name="STATE_27"
	provinces={
		26 527 698 751 808 825 989 999 1099 1163 1246 1263 1540 1692 1723 1731 1750 1769 1772 1796 1938 1983 2003 2388 2560 2602 2664 2728 2960 3025 3061 3192 3206 3282 3369 3533 3572 3689 3854 3892 4089 4342 4366 4417 4627 4633 4666 4691 4731 4905 5100 5127 5192 5379 5503 5509 5528 5673 5681 5707 5740 5828 5918 6471 6513 6545 6562 6644 6716 6729 6737 6784 6818 6819 6854 6870 6873 6920 6921 6953 6957 6979 7011 7033 7053 7083 7098 7099 7195 7203 7244 
	}
	buildings_max_level_factor=1.000
        manpower=1
        state_category = town
        manpower=1
        state_category = town
}
