state={
	id=28
	name="STATE_28"
	provinces={
		160 585 693 734 794 828 892 978 1010 1012 1149 1237 1240 1245 1336 1380 1407 1408 1543 1622 1637 1655 1742 1847 1856 2094 2133 2151 2175 2209 2402 2502 2522 2608 2659 2898 3007 3080 3123 3163 3315 3397 3512 3728 3743 3808 3852 3959 3969 4231 4522 4772 4932 5281 5347 5353 5440 5539 5561 5616 5665 5695 5734 5777 5925 6397 6452 6494 6509 6511 6534 6547 6563 6579 6590 6602 6626 6629 6632 6653 6680 6731 6744 6773 6808 6850 6889 6902 6925 6926 6937 6972 6983 6992 7026 7035 7057 7065 7086 7104 7116 7123 7140 7147 7190 7204 7218 7219 7235 7248 7270 7282 7283 7357 7374 7393 7417 7441 
	}
	buildings_max_level_factor=1.000
        manpower=1
        state_category = town
        manpower=1
        state_category = town
}
