state={
	id=29
	name="STATE_29"
	provinces={
		86 169 410 572 740 923 943 1171 1222 1255 1295 1299 1545 1601 1686 1704 1732 1843 1911 2096 2373 2375 2438 2494 2763 3081 3271 3274 3291 3783 3997 3999 4183 4234 4424 4459 4574 4748 4837 4970 5212 5232 5326 5367 5403 5455 5459 5816 5868 6856 6864 6878 6884 6896 6915 6922 6933 6951 6961 6967 6989 7000 7010 7031 7047 7051 7067 7078 7079 7080 7096 7111 7112 7142 7166 7170 7171 7176 7217 7222 7269 7280 7303 7319 7336 7356 7367 7381 7413 7457 7458 7488 7511 
	}
	buildings_max_level_factor=1.000
        manpower=1
        state_category = town
        manpower=1
        state_category = town
}
