state={
	id=3
	name="STATE_3"
	provinces={
		94 125 143 307 332 362 439 470 476 539 552 566 595 605 650 737 773 810 1050 1060 1131 1136 1145 1216 1273 1321 1415 1421 1530 1595 1703 1771 1925 1976 2049 2126 2213 2300 2334 2585 2590 2638 2727 2751 2886 3058 3143 3166 3251 3310 3912 3915 4027 4520 4740 4787 4810 4857 4896 5008 5105 5323 5676 5930 5934 5937 5938 5940 5941 5943 5946 5947 5950 5953 5954 5957 5958 5959 5962 5965 5969 5970 5975 5979 5980 5982 5986 5988 5994 5997 
	}
	buildings_max_level_factor=1.000
        manpower=1
        state_category = town
        manpower=1
        state_category = town
}
