state={
	id=30
	name="STATE_30"
	provinces={
		7 47 87 139 211 244 247 296 306 402 471 479 568 669 750 846 862 928 936 1006 1028 1056 1082 1194 1210 1258 1313 1359 1541 1566 1574 1620 1666 1679 1768 1801 1813 1870 1910 1930 1943 1951 2006 2024 2031 2067 2108 2113 2158 2160 2164 2187 2232 2239 2274 2294 2463 2480 2499 2521 2623 2707 2780 2827 2880 2885 2974 3012 3036 3133 3320 3383 3428 3500 3527 3530 3706 3804 3897 3904 3918 3962 3988 4041 4051 4076 4099 4111 4123 4127 4137 4160 4196 4253 4264 4350 4381 4395 4444 4480 4567 4590 4642 4795 4798 4858 4888 5060 5072 5271 5294 5312 5329 5433 5437 5441 5486 5507 5521 5575 5626 5633 5645 5682 5684 5694 5764 6506 6588 6616 6617 6639 6660 6673 6694 6735 6745 6765 6786 6795 6798 6809 6810 6825 6831 6832 6833 6866 6883 6890 6891 6893 6910 6914 6934 6938 6945 6946 6959 6973 6986 6993 6997 7005 7036 7042 7049 7066 7076 7107 7134 7135 7154 7155 7156 7163 7181 7198 7220 7236 7245 7249 7257 7268 7277 7284 7290 7302 7309 7333 7334 7349 7358 7418 7426 7431 7436 7437 7467 7471 7484 7485 7492 7504 7521 7522 7532 7537 7538 7550 7556 7557 7592 7596 7599 7600 7605 7626 7640 7645 7654 7655 7703 7713 7714 7740 
	}
	buildings_max_level_factor=1.000
        manpower=1
        state_category = town
        manpower=1
        state_category = town
}
