state={
	id=32
	name="STATE_32"
	provinces={
		345 431 544 611 703 867 1095 1158 1352 1368 1498 1544 1651 1676 1709 1798 1862 1881 1913 2147 2153 2272 2324 2432 2543 2601 2673 2682 2764 2834 2868 2918 2923 2955 2959 2964 3030 3172 3216 3253 3264 3332 3413 3453 3551 3595 3614 3658 3872 4211 4224 4557 4670 4722 4726 4773 4880 4907 5148 5164 5332 5335 5472 5543 5550 5577 5637 5688 5713 5789 5894 7002 7016 7054 7064 7075 7085 7103 7115 7133 7146 7153 7168 7174 7180 7197 7209 7210 7211 7224 7227 7231 7234 7255 7256 7275 7276 7299 7300 7301 7314 7315 7320 7321 7340 7348 7352 7353 7361 7362 7363 7373 7378 7397 7398 7410 7415 7416 7422 7425 7443 7448 7455 7463 7464 7470 7480 7489 7497 7498 7503 7507 7512 7520 7536 7549 7561 7587 7591 7597 7625 7632 7643 7644 7681 7702 7710 7744 7757 7762 7809 7810 7873 7887 
	}
	buildings_max_level_factor=1.000
        manpower=1
        state_category = town
        manpower=1
        state_category = town
}
