state={
	id=33
	name="STATE_33"
	provinces={
		2 107 128 131 158 264 396 400 465 505 526 1001 1142 1199 1213 1332 1384 1395 1435 1764 1816 1819 1841 1894 1903 1965 1992 2009 2021 2068 2079 2088 2131 2282 2289 2302 2313 2401 2436 2527 2546 2582 2729 2857 2911 3001 3098 3212 3306 3408 3489 3497 3597 3608 3634 3678 3727 3761 3779 3865 3930 4003 4007 4019 4032 4075 4139 4369 4438 4481 4533 4541 4549 4556 4602 4605 4631 4635 4653 4664 4703 4716 4806 4839 4860 4884 4984 5026 5048 5059 5085 5106 5122 5201 5325 5327 5387 5435 5557 5574 5584 5660 5706 5776 5813 5853 5861 5870 5898 7084 7105 7106 7129 7139 7145 7152 7173 7179 7189 7196 7208 7230 7238 7254 7263 7267 7274 7298 7322 7323 7339 7343 7347 7369 7370 7379 7383 7390 7402 7414 7430 7435 7469 7478 7479 7483 7502 7518 7519 7531 7560 7565 7569 7570 7576 7590 7622 7623 7639 7667 7690 7696 7728 7729 7756 7761 7779 7796 7803 7808 7823 7856 7865 7886 7892 7904 7912 7925 7945 7960 7965 7966 8016 8017 8018 8029 8046 8050 8055 8067 8075 8085 8091 8101 8109 8110 8120 8142 8162 8186 8206 8248 8263 8335 
	}
	buildings_max_level_factor=1.000
        manpower=1
        state_category = town
        manpower=1
        state_category = town
}
