state={
	id=34
	name="STATE_34"
	provinces={
		18 353 423 550 697 783 863 865 1133 1251 1284 1325 1355 1528 1665 1859 1928 2382 2506 2768 2817 2957 3049 3093 3173 3175 3218 3242 3302 3351 3380 3583 3711 3712 3841 3983 4049 4084 4109 4277 4436 4621 4687 4712 4717 4782 4840 4887 4899 4976 5019 5061 5207 5265 5266 5296 5372 5447 5696 5747 6950 6980 7020 7024 7038 7046 7050 7072 7087 7094 7095 7100 7131 7132 7149 7164 7165 7187 7213 7216 7226 7229 7240 7252 7259 7273 7286 7325 7377 7388 7389 7400 7401 7420 7432 7456 7468 7515 7546 7552 7580 7581 7585 7619 7624 7630 7661 7662 7678 7679 7686 7689 7716 7717 7723 7724 7725 7743 7794 7848 7867 7891 
	}
	buildings_max_level_factor=1.000
        manpower=1
        state_category = town
        manpower=1
        state_category = town
}
