state={
	id=35
	name="STATE_35"
	provinces={
		69 70 103 121 141 186 189 243 308 368 393 434 455 560 706 759 822 829 849 853 854 857 879 886 930 940 960 1019 1029 1041 1052 1083 1086 1094 1139 1153 1162 1202 1229 1300 1342 1383 1429 1446 1488 1489 1505 1511 1537 1558 1684 1713 1740 1793 1806 1854 1916 1920 1944 1970 1984 1985 1989 2002 2022 2073 2081 2167 2249 2265 2267 2271 2305 2337 2349 2354 2421 2457 2491 2532 2603 2648 2678 2684 2734 2786 2800 2970 2998 3003 3011 3053 3104 3116 3162 3179 3229 3247 3267 3299 3390 3407 3466 3485 3537 3601 3650 3652 3654 3665 3704 3759 3801 3816 3833 3855 3869 3921 3980 4006 4014 4058 4066 4078 4103 4151 4162 4218 4262 4327 4347 4364 4391 4433 4467 4483 4502 4509 4545 4546 4572 4632 4638 4721 4735 4776 4836 4846 4863 4869 4909 4945 5000 5098 5104 5195 5205 5246 5262 5282 5287 5302 5303 5357 5393 5395 5410 5422 5427 5510 5512 5578 5583 5592 5597 5663 5702 5709 5735 5749 5804 5822 5827 5834 5836 5872 5889 5926 6665 6705 6736 6787 6814 6827 6851 6880 6892 6894 6911 6939 6966 6974 6984 6990 6999 7006 7007 7013 7017 7018 7019 7029 7043 7044 7055 7058 7060 7061 7069 7091 7108 7109 7124 7125 7141 7148 7157 7158 7169 7182 7183 7184 7191 7192 7199 7215 7221 7232 7237 7246 7247 7250 7258 7264 7265 7271 7278 7285 7293 7294 7310 7316 7317 7324 7328 7341 7344 7350 7354 7355 7359 7364 7365 7371 7375 7384 7385 7386 7391 7394 7395 7396 7403 7411 7419 7427 7428 7442 7444 7445 7449 7472 7486 7493 7508 7525 7526 7527 7534 7543 7544 7558 7563 7566 7572 7577 7578 7583 7593 7601 7602 7607 7614 7627 7634 7635 7647 7648 7649 7650 7656 7671 7672 7673 7675 7692 7704 7705 7706 7715 7734 7735 7741 7748 7749 7772 7782 7783 7797 7815 7827 7833 7834 7853 7854 7860 7869 7876 7889 7896 7901 7907 7914 7935 7948 7949 7955 7961 7986 8006 8024 8042 
	}
	buildings_max_level_factor=1.000
        manpower=1
        state_category = town
        manpower=1
        state_category = town
}
