state={
	id=36
	name="STATE_36"
	provinces={
		135 215 303 578 702 732 951 1009 1077 1101 1160 1400 1434 1440 1508 1567 1632 1836 1849 1961 1990 2093 2148 2181 2198 2201 2358 2405 2425 2451 2507 2611 2634 2636 2699 3041 3154 3193 3303 3431 3505 3559 3619 3766 3818 4088 4124 4125 4198 4299 4344 4402 4437 4528 4696 4698 4704 4708 4760 4811 4946 5050 5078 5171 5198 5255 5284 5322 5348 5549 5634 5648 5719 5752 5766 5779 7088 7117 7127 7159 7167 7200 7205 7223 7241 7260 7287 7288 7295 7296 7304 7307 7313 7326 7327 7330 7337 7360 7372 7382 7404 7405 7406 7407 7423 7433 7440 7446 7453 7459 7466 7473 7475 7476 7481 7490 7496 7500 7516 7523 7528 7529 7533 7535 7547 7553 7554 7555 7574 7575 7582 7586 7604 7612 7613 7620 7631 7638 7651 7663 7674 7680 7687 7695 7700 7708 7718 7719 7726 7733 7737 7753 7760 7769 7774 7775 7778 7820 7830 7836 7840 7864 7872 7878 7911 7919 7930 7939 
	}
	buildings_max_level_factor=1.000
        manpower=1
        state_category = town
        manpower=1
        state_category = town
}
