state={
	id=37
	name="STATE_37"
	provinces={
		19 136 137 354 554 608 645 990 1008 1104 1164 1170 1243 1324 1513 1675 1724 1790 1851 1866 1891 2090 2161 2200 2233 2280 2318 2355 2368 2383 2490 2714 2740 2770 2772 2842 2892 3164 3235 3280 3284 3321 3343 3350 3427 3436 3442 3443 3471 3542 3547 3585 3673 3681 3687 3725 3945 3963 3995 4013 4021 4039 4155 4210 4340 4359 4378 4458 4628 4674 4679 4689 4697 4751 4755 4847 4849 4871 4994 5183 5224 5258 5260 5351 5411 5608 5614 5618 5653 5670 5701 5712 5739 5817 5863 5903 7081 7136 7175 7193 7194 7225 7239 7251 7272 7279 7311 7312 7318 7329 7335 7366 7376 7380 7387 7412 7439 7451 7452 7474 7487 7494 7495 7510 7539 7564 7579 7584 7608 7617 7618 7629 7636 7637 7641 7659 7660 7677 7684 7685 7694 7698 7722 7731 7732 7736 7742 7751 7752 7768 7777 7788 7789 7798 7799 7801 7802 7818 7819 7829 7835 7843 7847 7863 7871 7877 7884 7890 7929 7938 7942 7956 7962 7970 7971 7982 7987 7993 8000 8001 8004 8020 8026 8027 8033 8066 8107 8117 8118 8123 8152 8176 8177 8178 8203 8215 8236 8261 8314 
	}
	buildings_max_level_factor=1.000
        manpower=1
        state_category = town
        manpower=1
        state_category = town
}
