state={
	id=38
	name="STATE_38"
	provinces={
		10 15 97 112 147 242 355 458 504 570 806 918 1011 1014 1049 1113 1340 1413 1464 1482 1693 1697 1839 1874 1907 1923 2100 2115 2162 2259 2278 2437 2549 2563 2662 2687 2719 2762 2805 2988 3027 3065 3157 3184 3269 3275 3490 3535 3567 3570 3674 3782 3791 3837 3846 3848 3891 3899 4023 4135 4172 4184 4223 4225 4392 4461 4519 4596 4648 4678 4741 4754 4842 4921 4978 5137 5157 5180 5264 5275 5331 5343 5376 5474 5587 5600 5624 5646 5685 5693 5743 5800 5854 5866 7465 7491 7542 7562 7571 7588 7589 7598 7606 7633 7653 7668 7697 7699 7711 7712 7745 7746 7747 7754 7763 7764 7770 7785 7786 7791 7804 7805 7811 7812 7813 7824 7825 7826 7831 7837 7842 7844 7851 7857 7858 7874 7881 7893 7900 7905 7913 7916 7917 7921 7926 7931 7932 7933 7958 7967 7968 7973 7974 7989 7990 7996 7997 7998 8005 8009 8019 8023 8030 8036 8037 8051 8052 8053 8057 8068 8069 8070 8081 8082 8092 8098 8102 8103 8112 8113 8127 8134 8143 8151 8156 8171 8181 8189 8193 8232 8244 8245 8258 8266 8267 8279 8286 8287 8302 8317 8321 8322 8323 8330 8331 8340 8375 8376 8394 8399 8406 8455 8456 8475 8505 8521 
	}
	buildings_max_level_factor=1.000
        manpower=1
        state_category = town
        manpower=1
        state_category = town
}
