state={
	id=39
	name="STATE_39"
	provinces={
		45 153 411 508 655 675 723 792 1109 1307 1322 1376 1463 1484 1594 1631 1667 1759 1779 2043 2342 2691 2750 3118 3182 3319 3437 3609 3698 3787 3845 3882 4106 4110 4376 4439 4469 4547 4619 5099 5119 5123 5125 5649 5659 5677 5714 5733 7434 7447 7460 7461 7482 7501 7506 7524 7530 7540 7548 7567 7568 7609 7610 7611 7642 7652 7664 7665 7666 7688 7701 7709 7720 7727 7738 7790 7795 7821 7822 7841 7850 7868 7879 7880 7899 7903 7920 7924 7940 7944 7957 7983 7984 8040 8041 8048 8049 8054 8090 8097 8100 8154 8161 8211 8273 
	}
	buildings_max_level_factor=1.000
        manpower=1
        state_category = town
        manpower=1
        state_category = town
}
