state={
	id=41
	name="STATE_41"
	provinces={
		252 344 448 497 530 609 980 1152 1217 1267 1424 1426 1447 1452 1598 1682 1683 1698 1756 1958 2065 2159 2428 2492 2541 2622 2637 2799 2829 2839 2884 2912 2913 2940 2948 2982 3018 3069 3246 3474 3561 3699 3708 3767 3773 3831 3834 3857 3923 3935 4064 4126 4228 4283 4331 4355 4396 4406 4421 4585 4593 4655 5203 5270 5274 5434 5594 5641 5658 5806 5860 5869 5901 7351 7399 7438 7450 7499 7505 7509 7545 7551 7559 7573 7594 7603 7615 7616 7628 7657 7658 7676 7682 7683 7693 7707 7721 7750 7759 7767 7773 7784 7793 7806 7807 7816 7817 7828 7846 7861 7862 7866 7870 7897 7908 7909 7923 7936 7937 7950 7951 7977 7991 7992 7999 8003 8014 8025 8032 8043 8059 8071 8077 8078 8084 8089 8105 8106 8115 8116 8128 8129 8130 8139 8157 8168 8174 8175 8184 8208 8209 8220 8227 8252 8269 8308 8343 8353 8354 8366 8419 8432 8482 8502 
	}
	buildings_max_level_factor=1.000
        manpower=1
        state_category = town
        manpower=1
        state_category = town
}
