state={
	id=42
	name="STATE_42"
	provinces={
		502 593 746 874 972 1314 1486 1795 1887 2116 2434 2565 2607 2744 2902 2953 2981 3153 3228 3316 3349 3377 3417 3593 3616 3966 4081 4205 4463 4600 4745 4775 4786 4940 4982 5114 5150 5220 5388 5399 5421 5524 5551 5644 5699 5725 5784 7885 7943 7980 8008 8028 8039 8044 8062 8108 8148 8153 8160 8180 8205 8230 8242 8272 8284 8290 8293 8327 8334 8348 8398 8403 8445 8467 8468 8515 8528 8554 8560 8576 8598 8623 
	}
	buildings_max_level_factor=1.000
        manpower=1
        state_category = town
        manpower=1
        state_category = town
}
