state={
	id=43
	name="STATE_43"
	provinces={
		53 124 192 225 452 469 561 615 658 681 1066 1076 1283 1291 1487 1646 1861 2005 2026 2076 2173 2212 2214 2260 2284 2333 2393 2407 2412 2459 2540 2700 2819 2823 2830 2881 2888 2901 2908 2962 2989 3024 3092 3134 3142 3145 3180 3209 3214 3245 3293 3440 3574 3676 3682 3842 3879 3939 3944 3947 4080 4096 4108 4141 4202 4251 4294 4298 4341 4431 4495 4529 4548 4565 4629 4706 4750 4766 4799 4892 4943 4944 5009 5032 5071 5079 5110 5236 5299 5406 5475 5484 5502 5519 5590 5664 5667 5678 5799 5802 5862 5867 5878 5920 7646 7669 7670 7691 7730 7755 7758 7765 7766 7771 7776 7780 7781 7787 7792 7814 7832 7838 7839 7845 7852 7859 7875 7882 7883 7888 7894 7895 7906 7922 7927 7928 7934 7947 7954 7959 7969 7975 7981 7985 8002 8010 8011 8012 8031 8038 8047 8063 8064 8065 8076 8083 8093 8094 8114 8122 8135 8144 8145 8164 8165 8166 8172 8182 8194 8195 8201 8213 8218 8224 8233 8234 8241 8246 8250 8253 8254 8281 8296 8297 8303 8304 8307 8311 8324 8341 8342 8351 8358 8378 8386 8387 8428 8477 8478 8487 8506 8512 8532 8539 8570 8612 8634 8645 8671 8678 8679 8697 8724 8805 8865 
	}
	buildings_max_level_factor=1.000
        manpower=1
        state_category = town
        manpower=1
        state_category = town
}
