state={
	id=44
	name="STATE_44"
	provinces={
		33 36 38 57 162 237 260 317 318 387 474 546 562 632 705 727 749 764 816 859 883 884 992 1032 1081 1087 1271 1318 1357 1455 1493 1629 1649 1753 1785 1807 1838 1842 1950 2082 2105 2174 2256 2264 2266 2326 2389 2456 2460 2488 2566 2644 2692 2771 2983 3086 3097 3115 3198 3219 3391 3522 3605 3618 3755 3769 3771 3938 4001 4062 4090 4104 4116 4143 4154 4201 4235 4260 4267 4321 4367 4375 4448 4472 4479 4636 4765 4827 4844 4912 4925 5033 5096 5230 5244 5381 5416 5458 5518 5593 5598 5603 5718 5762 5847 5895 5905 5922 7800 7849 7855 7898 7902 7910 7915 7918 7952 7953 7963 7964 7972 7978 7979 7994 8007 8015 8021 8034 8060 8061 8072 8073 8074 8079 8080 8119 8131 8137 8141 8147 8158 8159 8179 8190 8191 8198 8204 8216 8221 8229 8237 8255 8262 8271 8277 8283 8289 8292 8299 8310 8315 8326 8333 8345 8346 8347 8355 8356 8382 8390 8396 8397 8402 8411 8417 8418 8425 8434 8443 8444 8452 8460 8461 8466 8472 8484 8490 8494 8510 8513 8514 8527 8534 8547 8551 8563 8564 8565 8575 8584 8590 8597 8603 8604 8610 8616 8620 8648 8649 8660 8662 8694 8701 8716 8726 8727 8747 8763 8770 8771 8780 8784 8799 8814 8852 8906 8917 
	}
	buildings_max_level_factor=1.000
        manpower=1
        state_category = town
        manpower=1
        state_category = town
}
