state={
	id=45
	name="STATE_45"
	provinces={
		241 375 480 661 761 813 914 1047 1178 1326 1469 1515 1575 1747 1802 1873 2044 2117 2150 2196 2221 2308 2338 2395 2439 2442 2508 2514 2567 2686 2821 3060 3074 3429 3482 3576 3992 4055 4239 4252 4265 4320 4511 4525 4597 4684 4759 4771 4897 5113 5136 5190 5349 5354 5398 5426 5454 5463 5489 5490 5568 5576 5588 5788 5831 5910 7976 8013 8058 8088 8096 8099 8124 8125 8146 8167 8173 8226 8235 8251 8259 8282 8313 8332 8359 8360 8365 8372 8380 8381 8388 8415 8424 8430 8449 8480 8481 8500 8501 8507 8508 8517 8522 8533 8553 8558 8581 8593 8594 8602 8622 8636 8665 8666 8672 8682 8703 8704 8714 8718 8719 8746 8766 8767 8772 8795 8801 8802 8807 8812 8848 8849 8857 8866 8867 8872 8891 8898 8905 8920 
	}
	buildings_max_level_factor=1.000
        manpower=1
        state_category = town
        manpower=1
        state_category = town
}
