state={
	id=46
	name="STATE_46"
	provinces={
		182 778 888 1235 1259 1390 1607 1850 1941 2735 3120 3534 3540 3764 3812 3835 3952 4033 4054 4085 4149 4168 4217 4371 4581 4707 4939 4966 5052 5077 5082 5397 5531 5553 5560 8328 8383 8435 8469 8473 8491 8495 8519 8529 8541 8542 8577 8585 8617 8632 8642 8667 8668 8673 8683 8706 8707 8710 8722 8723 8735 8740 8749 8757 8768 8775 8797 8810 8816 8822 8828 8844 8845 8860 8876 8880 8903 8937 
	}
	buildings_max_level_factor=1.000
        manpower=1
        state_category = town
        manpower=1
        state_category = town
}
