state={
	id=47
	name="STATE_47"
	provinces={
		105 159 178 279 408 449 545 724 745 779 814 875 958 982 1021 1140 1141 1221 1335 1347 1371 1461 1546 1550 1560 1707 1715 1760 1804 1858 1883 1889 2184 2188 2295 2461 2496 2597 2743 2773 2873 2929 2973 2993 3067 3096 3233 3249 3374 3386 3435 3449 3452 3473 3552 3557 3643 3776 3807 3810 3890 3911 3933 3942 3994 4025 4043 4157 4180 4191 4328 4336 4422 4446 4505 4709 4927 4957 5042 5081 5346 5394 5477 5569 5605 5623 5650 5671 5729 5745 5756 5763 5844 5888 5909 5913 8136 8140 8169 8197 8210 8214 8228 8260 8270 8276 8291 8309 8318 8325 8344 8361 8367 8368 8389 8395 8410 8416 8420 8421 8433 8442 8450 8451 8458 8459 8483 8489 8509 8518 8540 8546 8549 8550 8559 8582 8583 8588 8589 8595 8596 8609 8614 8615 8626 8627 8631 8637 8638 8641 8657 8658 8661 8675 8689 8690 8700 8705 8708 8715 8720 8733 8753 8755 8773 8808 8819 8820 8834 8835 8850 8868 8873 8874 8883 8901 8909 8910 8930 8935 8947 8949 8972 8979 8980 8987 8993 9018 9026 9043 9049 9063 9075 9084 9097 9101 9144 9163 9199 
	}
	buildings_max_level_factor=1.000
        manpower=1
        state_category = town
        manpower=1
        state_category = town
}
