state={
	id=48
	name="STATE_48"
	provinces={
		3 123 315 323 328 603 843 870 908 919 1023 1316 1374 1438 1500 1532 1831 1906 1939 1952 2001 2070 2134 2227 2387 2397 2477 2561 2702 2801 2855 2891 2910 2919 2951 2975 3004 3014 3079 3199 3322 3394 3629 3694 3734 3778 3874 3883 3974 4034 4071 4204 4487 4569 4749 4779 4797 4805 4817 4885 4894 4949 4975 5017 5024 5046 5088 5112 5151 5170 5240 5254 5278 5371 5374 5378 5529 5742 5765 5820 5890 7941 7946 7988 7995 8022 8035 8056 8111 8121 8126 8133 8149 8150 8155 8163 8170 8187 8188 8199 8212 8217 8231 8238 8239 8243 8256 8257 8264 8265 8274 8275 8278 8285 8294 8295 8300 8301 8316 8319 8320 8339 8349 8362 8370 8371 8373 8374 8384 8392 8393 8404 8405 8412 8426 8427 8431 8436 8437 8446 8454 8462 8470 8485 8493 8503 8511 8516 8530 8535 8536 8543 8555 8567 8571 8578 8599 8605 8611 8624 8628 8650 8684 8736 8764 
	}
	buildings_max_level_factor=1.000
        manpower=1
        state_category = town
        manpower=1
        state_category = town
}
