state={
	id=49
	name="STATE_49"
	provinces={
		22 60 76 102 129 334 407 453 495 510 517 520 638 656 798 811 902 904 947 965 1026 1110 1201 1430 1458 1518 1519 1582 1609 1638 1721 1868 1885 1904 1919 1979 2046 2085 2185 2211 2240 2363 2409 2418 2557 2631 2632 2775 2814 2833 2846 2862 2863 2967 2977 3010 3047 3062 3190 3201 3287 3304 3311 3358 3360 3376 3405 3521 3553 3693 3695 3735 3768 3789 3887 3978 3996 4018 4131 4215 4248 4303 4474 4560 4583 4588 4641 4778 4788 4789 4864 4876 4954 5003 5018 5057 5068 5092 5093 5165 5169 5174 5300 5304 5317 5470 5541 5570 5615 5838 5908 5911 8086 8087 8095 8104 8138 8183 8196 8202 8219 8225 8247 8268 8288 8298 8312 8337 8352 8379 8401 8407 8408 8409 8429 8441 8448 8457 8471 8479 8488 8499 8524 8525 8526 8566 8574 8580 8592 8608 8613 8621 8630 8635 8646 8647 8656 8664 8680 8681 8688 8692 8693 8698 8699 8730 8731 8732 8738 8745 8752 8761 8779 8781 8782 8794 8806 8811 8817 8818 8825 8826 8827 8832 8833 8841 8855 8856 8871 8881 8888 8889 8890 8897 8907 8908 8914 8934 8941 8954 8971 8986 8991 8992 9001 9014 9017 9036 9061 9082 9095 9114 9115 9120 9126 9137 9143 9154 9168 9169 9225 
	}
	buildings_max_level_factor=1.000
        manpower=1
        state_category = town
        manpower=1
        state_category = town
}
