state={
	id=50
	name="STATE_50"
	provinces={
		29 93 249 255 313 573 591 597 748 876 963 1020 1031 1040 1093 1392 1393 1398 1522 1551 1630 1660 1662 1711 1718 1786 1808 1809 1993 2089 2129 2255 2315 2317 2695 2704 2760 2931 3051 3109 3241 3338 3379 3398 3454 3467 3484 3496 3627 3729 3738 3844 3847 3924 3956 3975 4107 4138 4171 4329 4477 4563 4694 4753 4838 4856 4904 4967 5004 5063 5120 5147 5231 5269 5279 5333 5344 5382 5405 5408 5444 5540 5621 5631 5689 5796 5885 8200 8207 8240 8249 8280 8306 8336 8350 8363 8364 8377 8400 8423 8440 8447 8464 8465 8476 8486 8497 8498 8523 8531 8538 8545 8552 8557 8561 8562 8568 8569 8573 8579 8591 8601 8606 8607 8618 8633 8640 8643 8644 8651 8652 8653 8663 8670 8687 8691 8696 8702 8711 8712 8713 8717 8728 8729 8737 8744 8751 8754 8760 8778 8787 8788 8792 8793 8803 8804 8824 8839 8840 8847 8854 8863 8878 8887 8896 8900 8904 8913 8918 8928 8929 8938 8940 8944 8945 8959 8962 8963 8970 8990 9006 9011 9012 9013 9040 9041 9047 9051 9052 9056 9080 9081 9099 9100 9124 9131 9134 9135 9141 9153 9175 9188 9204 9253 
	}
	buildings_max_level_factor=1.000
        manpower=1
        state_category = town
        manpower=1
        state_category = town
}
