state={
	id=51
	name="STATE_51"
	provinces={
		31 100 532 589 818 917 1045 1338 1391 1410 1702 1761 1860 2025 2118 2165 2539 2562 2715 2883 2926 2927 3008 3119 3161 3200 3223 3327 3514 3684 3864 4292 4306 4325 4407 4455 4527 4591 4784 4832 4893 4901 5022 5142 5252 5316 5402 5418 5638 5771 5773 5902 8329 8385 8413 8414 8438 8439 8463 8474 8496 8504 8520 8537 8544 8548 8556 8572 8586 8587 8600 8625 8629 8639 8654 8655 8669 8674 8677 8685 8686 8742 8743 8750 8758 8759 8765 8769 8776 8777 8786 8791 8798 8830 8831 8837 8838 8864 8870 8895 8899 8912 8924 8933 8957 8968 8977 8985 9009 9016 9023 9039 9050 9079 9093 9105 9113 9129 9139 9180 9181 9244 9341 
	}
	buildings_max_level_factor=1.000
        manpower=1
        state_category = town
        manpower=1
        state_category = town
}
