state={
	id=53
	name="STATE_53"
	provinces={
		28 39 196 197 265 290 379 446 594 643 1054 1119 1286 1351 1510 1587 1656 1774 1824 2018 2032 2103 2124 2377 2497 2614 2629 2720 2752 2900 3039 3055 3187 3393 3491 3523 3610 3671 3809 3905 4046 4193 4324 4337 4475 4592 4601 4603 4681 4758 4956 5006 5030 5044 5058 5076 5184 5208 5218 5272 5315 5365 5487 5606 5787 5882 5907 5916 8695 8721 8734 8748 8756 8796 8809 8815 8853 8858 8859 8869 8886 8892 8902 8923 8925 8932 8936 8942 8950 8956 8960 8975 8976 8981 8982 8983 8988 8999 9004 9022 9029 9054 9058 9065 9071 9089 9090 9091 9098 9103 9104 9112 9122 9132 9147 9150 9165 9170 9194 9209 9210 9211 9212 9218 9228 9229 9237 9250 9264 9268 9277 9278 9286 9312 9350 9354 9389 9395 9407 9408 9446 9451 9473 9496 9501 9537 9563 9590 9629 
	}
	buildings_max_level_factor=1.000
        manpower=1
        state_category = town
        manpower=1
        state_category = town
}
