state={
	id=54
	name="STATE_54"
	provinces={
		13 40 72 119 138 620 699 771 832 955 1038 1075 1085 1184 1345 1405 1588 1610 1757 1957 2083 2179 2400 2446 2470 2475 2498 2875 2958 3099 3149 3167 3191 3239 3260 3368 3385 3414 3480 3506 3668 3785 3798 3819 3824 3862 3981 3982 4167 4200 4226 4243 4346 4501 4506 4508 4558 4577 4615 4618 4660 4677 4747 4851 4852 4865 4902 4963 4969 5124 5149 5209 5273 5295 5314 5466 5533 5555 5585 5602 5698 5716 5717 5727 5768 5818 5823 5914 8619 8659 8676 8709 8725 8739 8762 8774 8783 8789 8790 8813 8821 8836 8842 8843 8851 8875 8879 8884 8885 8915 8916 8921 8922 8931 8948 8955 8966 8967 8973 8974 8994 9003 9007 9015 9019 9021 9037 9038 9062 9064 9085 9086 9088 9102 9106 9110 9117 9118 9146 9149 9155 9167 9178 9192 9193 9233 9236 9275 9285 9315 9320 9339 9348 9359 9367 9403 9415 9456 9457 9482 9489 9504 9521 9530 9535 9571 9624 
	}
	buildings_max_level_factor=1.000
        manpower=1
        state_category = town
        manpower=1
        state_category = town
}
