state={
	id=55
	name="STATE_55"
	provinces={
		184 418 548 898 984 1262 1829 1832 1981 2101 2327 2371 2838 3254 3296 3464 3702 4384 4415 4471 4523 4923 4999 5020 5066 5152 5162 5199 5514 5573 8829 8861 8893 8939 8943 8951 8961 8995 9008 9035 9055 9076 9077 9123 9179 9238 9265 9287 9307 9351 9397 9410 9464 9483 9523 9544 9569 9586 9602 9611 9616 9617 9652 9703 9719 
	}
	buildings_max_level_factor=1.000
        manpower=1
        state_category = town
        manpower=1
        state_category = town
}
