state={
	id=56
	name="STATE_56"
	provinces={
		167 224 231 266 270 282 321 473 558 584 665 766 869 887 948 1042 1117 1121 1192 1209 1272 1292 1470 1642 1653 1934 2033 2051 2149 2169 2199 2206 2245 2345 2351 2390 2431 2445 2520 2525 2526 2580 2706 2737 2790 2804 2809 2851 2922 2936 2939 2954 2969 3020 3087 3111 3112 3132 3329 3335 3345 3596 3638 3660 3700 3777 3780 3813 3814 3839 4008 4092 4333 4374 4426 4485 4496 4553 4725 4862 4933 4937 4962 4965 5062 5097 5131 5167 5202 5219 5276 5305 5311 5370 5390 5417 5479 5493 5601 5617 5654 5687 5691 5720 5753 5759 5770 5812 5871 5904 8823 8877 8927 8958 8969 8989 8997 9005 9010 9045 9046 9066 9087 9094 9130 9133 9140 9148 9152 9158 9159 9172 9173 9182 9196 9213 9221 9222 9245 9256 9261 9269 9272 9273 9283 9288 9289 9290 9300 9301 9308 9313 9316 9326 9327 9333 9346 9355 9360 9364 9368 9369 9374 9375 9380 9381 9404 9411 9421 9428 9429 9433 9434 9435 9453 9466 9468 9469 9478 9479 9498 9511 9512 9513 9527 9540 9541 9553 9559 9560 9565 9603 9604 9608 9631 9643 9654 9660 9664 9677 9682 9686 9701 9708 9723 9743 9747 9775 9776 9777 9813 
	}
	buildings_max_level_factor=1.000
        manpower=1
        state_category = town
        manpower=1
        state_category = town
}
