state={
	id=57
	name="STATE_57"
	provinces={
		23 55 151 258 285 300 409 457 528 623 728 755 800 812 866 878 891 1072 1179 1193 1409 1562 1579 1685 1726 1784 2038 2050 2078 2111 2123 2192 2268 2424 2476 2487 2523 2535 2554 2599 2609 2733 2803 2832 2858 3028 3083 3088 3139 3140 3188 3312 3313 3375 3402 3434 3541 3578 3598 3656 3707 3726 3888 3976 3986 3989 4015 4059 4091 4178 4197 4270 4273 4291 4304 4348 4368 4370 4387 4434 4441 4462 4468 4500 4512 4531 4598 4652 4695 4733 4769 4835 4859 4974 5133 5250 5453 5494 5504 5520 5567 5611 5620 5662 5758 5846 5874 5927 8882 8919 8946 8964 8965 8998 9002 9024 9025 9028 9033 9034 9042 9048 9053 9057 9069 9070 9074 9083 9096 9109 9116 9160 9161 9162 9177 9185 9186 9191 9198 9205 9215 9216 9217 9219 9220 9232 9240 9241 9248 9249 9258 9259 9280 9284 9292 9293 9295 9297 9323 9324 9325 9329 9330 9337 9358 9366 9370 9371 9372 9373 9385 9391 9392 9405 9412 9424 9425 9438 9442 9447 9454 9455 9470 9477 9480 9488 9500 9502 9508 9509 9519 9520 9529 9542 9543 9546 9575 9587 9588 9594 9595 9614 9619 9635 9638 9639 9647 9648 9662 9667 9675 9691 9697 9698 9713 9732 9742 9748 9753 9794 9797 
	}
	buildings_max_level_factor=1.000
        manpower=1
        state_category = town
        manpower=1
        state_category = town
}
