state={
	id=58
	name="STATE_58"
	provinces={
		275 641 784 885 1046 1103 1132 1159 1206 1348 1399 1644 1689 2015 2316 2357 2414 2513 2660 2785 2845 2999 3248 3270 3290 3516 3562 3606 3621 3722 3922 3928 4105 4115 4190 4300 4380 4503 4620 4906 4917 4930 5102 5217 5238 5308 5566 5675 8984 9030 9059 9072 9128 9157 9171 9195 9201 9202 9242 9243 9251 9271 9282 9294 9306 9331 9340 9379 9396 9409 9426 9427 9452 9458 9462 9463 9490 9507 9525 9550 9551 9564 9568 9585 9591 9600 9601 9621 9630 9650 9651 9659 9663 9670 9714 9721 9722 9755 9759 9763 9771 9783 9799 9802 9810 
	}
	buildings_max_level_factor=1.000
        manpower=1
        state_category = town
        manpower=1
        state_category = town
}
