state={
	id=59
	name="STATE_59"
	provinces={
		1 58 203 335 361 607 677 682 922 1013 1037 1112 1372 1402 1476 1563 1899 1902 1932 2040 2137 2301 2320 2361 2381 2413 2663 2696 2872 2914 3054 3130 3205 3307 3363 3373 3481 3508 3564 3590 3669 3705 3851 4036 4044 4164 4176 4220 4244 4314 4362 4476 5047 5111 5181 5373 5404 5425 5517 5537 5547 5647 5708 5792 5839 5849 5917 8953 8978 9020 9027 9032 9060 9067 9068 9073 9107 9108 9119 9125 9136 9142 9166 9176 9183 9184 9189 9214 9231 9235 9239 9246 9254 9257 9262 9274 9279 9291 9302 9303 9304 9309 9317 9322 9328 9334 9335 9342 9347 9356 9361 9365 9376 9382 9383 9384 9390 9399 9400 9417 9430 9436 9439 9440 9441 9474 9486 9491 9492 9499 9528 9531 9538 9555 9574 9579 9580 9581 9582 9592 9597 9612 9613 9633 9645 9666 9673 9731 9752 
	}
	buildings_max_level_factor=1.000
        manpower=1
        state_category = town
        manpower=1
        state_category = town
}
