state={
	id=6
	name="STATE_6"
	provinces={
		17 32 164 204 235 327 421 442 513 537 547 621 639 696 739 744 835 847 856 926 1022 1067 1068 1111 1127 1169 1175 1233 1256 1261 1293 1462 1479 1507 1521 1559 1602 1628 1650 1725 1855 1876 1962 2069 2071 2195 2205 2321 2336 2341 2430 2756 2798 2864 3000 3052 3177 3399 3433 3446 3479 3525 3565 3633 3655 3817 3825 3859 3925 4132 4134 4250 4256 4326 4357 4379 4482 4622 4853 4936 4971 4977 5086 5117 5253 5428 5446 5481 5887 5967 5976 5977 5981 5985 5989 5991 5995 6003 6008 6012 6020 6022 6026 6050 6053 6054 6058 6061 6069 6070 6075 6076 6089 6097 6101 6109 6124 6126 6136 6137 6150 6156 6191 6192 6196 6214 6215 6221 6222 6236 
	}
	buildings_max_level_factor=1.000
        manpower=1
        state_category = town
        manpower=1
        state_category = town
}
