state={
	id=60
	name="STATE_60"
	provinces={
		27 481 507 708 937 977 1523 1590 1776 1864 1872 1896 2023 2138 2141 2257 2332 2433 2511 2512 2630 2693 2835 3037 3114 3367 3416 3575 3579 3611 3667 3672 3709 3750 3871 4005 4077 4112 4386 4521 4550 4559 4575 4604 4676 4793 4920 4948 4989 5070 5134 5243 5292 5375 5480 5686 5715 5798 5899 9111 9156 9200 9207 9208 9234 9255 9260 9276 9305 9311 9349 9353 9378 9388 9393 9394 9416 9449 9450 9461 9495 9510 9517 9522 9524 9536 9548 9549 9556 9562 9567 9572 9596 9606 9609 9610 9620 9625 9640 9649 9658 9669 9674 9680 9684 9692 9710 9718 9720 9735 9745 9751 9754 9757 9762 9769 9770 9774 9798 9801 
	}
	buildings_max_level_factor=1.000
        manpower=1
        state_category = town
        manpower=1
        state_category = town
}
