state={
	id=61
	name="STATE_61"
	provinces={
		156 256 312 395 477 482 488 514 519 522 524 541 663 717 893 935 969 1059 1080 1084 1088 1187 1296 1312 1349 1411 1422 1465 1467 1525 1535 1549 1572 1614 1733 1933 2035 2041 2084 2102 2143 2248 2299 2335 2360 2378 2419 2530 2633 2651 2971 3035 3072 3148 3158 3221 3263 3300 3353 3388 3409 3517 3524 3528 3573 3662 3775 3873 3929 4083 4175 4227 4269 4297 4309 4409 4416 4513 4534 4536 4552 4568 4630 4711 4718 4875 4898 4915 4947 4953 4973 5045 5156 5268 5277 5336 5359 5361 5363 5396 5449 5482 5534 5596 5628 5657 5669 5672 5703 5751 5760 5821 5865 5891 9121 9127 9145 9164 9174 9187 9206 9226 9227 9267 9270 9281 9298 9299 9314 9319 9338 9343 9344 9345 9377 9386 9387 9402 9406 9413 9414 9443 9444 9445 9448 9460 9467 9471 9472 9493 9494 9503 9515 9516 9533 9534 9539 9547 9557 9558 9561 9576 9577 9583 9584 9589 9615 9623 9628 9636 9655 9656 9657 9668 9676 9679 9699 9702 9709 9716 9728 9734 9744 9750 9768 9786 9787 9791 9805 9815 9818 9828 9833 9859 9867 9881 9889 9891 9896 9902 9924 9928 9973 9998 10017 10028 10063 10091 
	}
	buildings_max_level_factor=1.000
        manpower=1
        state_category = town
        manpower=1
        state_category = town
}
