state={
	id=62
	name="STATE_62"
	provinces={
		130 463 494 567 688 1057 1236 1317 1459 1475 1573 1589 1657 1716 1931 1960 2056 2112 2454 2479 2647 2708 2856 2871 3068 3091 3094 3286 3396 3404 3539 3580 3622 3642 3740 3796 3799 3964 3965 4029 4122 4146 4177 4275 4296 4343 4345 4363 4443 4466 4537 4542 4661 4720 4762 4781 4823 4889 4926 4981 5002 5029 5064 5075 5166 5204 5226 5313 5508 5552 9190 9197 9223 9224 9247 9263 9266 9296 9310 9318 9336 9357 9362 9363 9401 9418 9419 9420 9422 9423 9437 9459 9475 9476 9481 9487 9506 9514 9518 9532 9545 9566 9570 9593 9598 9599 9622 9634 9637 9646 9678 9683 9687 9688 9706 9715 9724 9736 9737 9738 9741 9767 9772 9779 9793 9804 9820 9838 9842 9848 9849 9853 9864 9865 9894 9901 9907 9934 9938 9944 9945 9958 9959 9985 9995 9999 10004 
	}
	buildings_max_level_factor=1.000
        manpower=1
        state_category = town
        manpower=1
        state_category = town
}
