state={
	id=63
	name="STATE_63"
	provinces={
		115 298 391 399 518 602 915 1353 1425 1451 1581 1585 2718 2887 2972 3045 3100 3129 3370 3411 3631 3802 4338 4457 4516 4576 4616 5298 5432 5439 5599 5683 5754 5786 5848 9554 9605 9618 9632 9644 9665 9671 9672 9695 9696 9711 9712 9730 9760 9765 9766 9784 9792 9803 9857 9866 9870 9887 9909 9922 9927 9942 9943 9965 9966 9976 9980 9994 10010 10023 10024 10026 10033 10062 10088 10096 10163 
	}
	buildings_max_level_factor=1.000
        manpower=1
        state_category = town
        manpower=1
        state_category = town
}
