state={
	id=65
	name="STATE_65"
	provinces={
		516 571 1002 1137 1695 1735 1775 1815 1865 1922 2036 2166 2285 2359 2440 2579 2701 2794 3797 4114 4255 4319 4454 4566 4594 4883 5288 5815 5832 5859 9432 9465 9484 9485 9497 9505 9526 9552 9573 9578 9607 9626 9627 9642 9653 9685 9700 9704 9725 9764 9778 9811 9825 9836 9841 9856 9863 9874 9886 9899 9911 9926 9953 9957 9964 9990 9992 10003 10020 10042 10053 10084 10113 10162 10235 
	}
	buildings_max_level_factor=1.000
        manpower=1
        state_category = town
        manpower=1
        state_category = town
}
