state={
	id=66
	name="STATE_66"
	provinces={
		61 64 82 278 281 447 540 622 624 631 801 803 1034 1073 1285 1294 1378 1448 1568 1648 1755 1773 1778 1794 2017 2057 2060 2312 2314 2406 2538 2587 2712 2783 2793 2828 2893 2894 2903 2915 2937 3017 3095 3309 3330 3403 3545 3736 3793 3977 3998 4093 4179 4214 4713 4728 4855 4867 4868 4886 4991 5129 5211 5297 5356 5556 5563 5652 5750 5794 5829 5884 5919 5923 9661 9689 9690 9707 9726 9727 9739 9761 9773 9800 9821 9832 9839 9840 9850 9854 9878 9879 9888 9895 9917 9923 9960 9962 9977 9981 9987 9996 10005 10006 10015 10034 10037 10045 10049 10058 10066 10069 10079 10082 10083 10086 10090 10092 10128 10129 10171 10174 10184 10218 10226 10243 10272 10273 10323 10347 10358 
	}
	buildings_max_level_factor=1.000
        manpower=1
        state_category = town
        manpower=1
        state_category = town
}
