state={
	id=67
	name="STATE_67"
	provinces={
		245 330 373 710 747 774 903 957 1226 1252 1389 1401 1414 1672 1890 1917 1972 2000 2066 2075 2154 2215 2250 2465 2570 2604 2626 2674 2749 2754 2811 2878 2882 3105 3204 3213 3448 3624 3649 3686 3811 3884 3889 4016 4022 4186 4261 4271 4442 5200 5400 5438 5581 5915 9705 9756 9789 9790 9814 9829 9846 9847 9869 9877 9906 9933 9941 9956 9961 9979 9993 10013 10014 10022 10032 10048 10061 10065 10068 10095 10098 10104 10106 10115 10123 10133 10138 10141 10146 10168 10169 10188 10195 10202 10208 10228 10231 10237 10240 10245 10263 10268 10269 10286 10299 10300 10308 
	}
	buildings_max_level_factor=1.000
        manpower=1
        state_category = town
        manpower=1
        state_category = town
}
