state={
	id=68
	name="STATE_68"
	provinces={
		277 329 388 500 670 712 715 754 861 1018 1071 1195 1396 1634 1706 1722 1754 1901 2127 2168 2193 2202 2218 2251 2254 2319 2516 2643 2661 2703 2717 2741 2854 3033 3057 3168 3211 3236 3257 3581 3582 3588 3902 3908 3990 4101 4128 4236 4240 4245 4440 4561 4643 4737 4752 4819 5001 5083 5223 5321 5386 5436 5558 5629 5728 5732 5896 9693 9717 9740 9746 9758 9782 9788 9796 9807 9816 9817 9822 9834 9844 9855 9861 9872 9873 9893 9897 9898 9904 9910 9931 9932 9936 9947 9955 9969 9974 9982 9983 10011 10018 10019 10059 10078 10080 10097 10111 10116 10117 10120 10144 10154 10155 10166 10176 10192 10212 10213 10214 10232 10249 10280 10281 10282 10302 10303 10320 10324 10338 10352 10361 10377 10407 
	}
	buildings_max_level_factor=1.000
        manpower=1
        state_category = town
        manpower=1
        state_category = town
}
