state={
	id=69
	name="STATE_69"
	provinces={
		92 201 272 341 357 433 472 535 657 674 807 817 831 961 994 1156 1165 1230 1344 1526 1591 1593 1599 1641 1681 1712 1767 1867 1973 1995 2072 2204 2217 2230 2478 2510 2517 2593 2653 2738 2777 2865 2907 3155 3156 3243 3395 3604 3697 3800 3805 3906 4000 4028 4040 4052 4233 4352 4353 4354 4403 4420 4465 4543 4580 4607 4658 4700 4830 4929 4960 5028 5031 5039 5101 5128 5177 5234 5241 5256 5257 5337 5419 5516 5619 5705 5837 5851 9781 9795 9806 9826 9843 9851 9860 9871 9890 9892 9903 9912 9919 9930 9951 9967 9968 9989 10000 10001 10008 10040 10043 10046 10047 10051 10071 10076 10099 10100 10124 10125 10135 10143 10149 10160 10165 10173 10175 10179 10180 10185 10191 10193 10205 10211 10216 10219 10220 10223 10229 10236 10246 10247 10248 10262 10271 10274 10277 10293 10311 10312 10315 10316 10319 10332 10351 10363 10380 10385 10393 10404 10432 10436 10438 
	}
	buildings_max_level_factor=1.000
        manpower=1
        state_category = town
        manpower=1
        state_category = town
}
