state={
	id=70
	name="STATE_70"
	provinces={
		62 360 377 378 493 721 780 826 1078 1191 1225 1320 1787 2303 2376 2427 2605 2676 2758 2952 3002 3244 3276 3323 3400 3447 3520 3560 3853 3913 4030 4238 4312 4317 4405 4491 4504 4780 4959 4964 4980 5080 5383 5452 5609 5906 9835 9845 9868 9883 9884 9963 10002 10012 10030 10052 10060 10073 10093 10094 10103 10112 10121 10130 10136 10157 10161 10181 10186 10201 10206 10234 10252 10264 10306 10327 10333 10342 10367 10373 10381 10430 10486 10526 
	}
	buildings_max_level_factor=1.000
        manpower=1
        state_category = town
        manpower=1
        state_category = town
}
