state={
	id=71
	name="STATE_71"
	provinces={
		52 56 91 99 106 114 150 191 214 257 262 314 364 366 404 462 478 574 581 644 695 707 722 787 827 860 1097 1100 1144 1161 1207 1211 1264 1265 1354 1444 1473 1485 1512 1561 1584 1612 1643 1694 1717 1736 1914 1966 1999 2119 2140 2261 2304 2322 2346 2372 2380 2394 2443 2471 2501 2581 2591 2610 2615 2646 2665 2694 2709 2757 2802 2824 2850 2925 3019 3029 3048 3146 3196 3217 3277 3333 3422 3450 3461 3503 3504 3526 3637 3639 3648 3677 3701 3751 3940 3972 3973 4152 4163 4209 4237 4377 4429 4445 4535 4606 4668 4669 4688 4742 4777 4961 4986 4987 5010 5036 5073 5116 5153 5173 5216 5242 5259 5280 5289 5290 5384 5391 5424 5522 5627 5741 5755 5807 9733 9749 9780 9785 9809 9830 9858 9880 9918 9935 9939 9940 9946 9950 9972 9986 9988 9997 10007 10016 10027 10035 10036 10038 10039 10050 10070 10074 10075 10107 10108 10110 10140 10142 10152 10153 10159 10164 10170 10172 10178 10190 10196 10200 10203 10204 10209 10210 10222 10241 10244 10255 10266 10267 10270 10287 10288 10290 10301 10310 10318 10326 10350 10359 10362 10374 10384 10389 10390 10391 10392 10418 10425 10429 10442 10448 10454 10457 10466 10468 10474 10489 10497 10504 10518 10522 10531 10539 10540 10542 10545 10558 10566 10567 
	}
	buildings_max_level_factor=1.000
        manpower=1
        state_category = town
        manpower=1
        state_category = town
}
