state={
	id=72
	name="STATE_72"
	provinces={
		268 280 289 389 398 413 496 564 592 648 673 776 790 824 855 934 952 1044 1065 1155 1311 1315 1343 1423 1527 1608 1727 1789 1998 2054 2061 2176 2219 2258 2273 2287 2328 2374 2482 2519 2531 2555 2645 2723 2759 2778 2787 2796 2808 3147 3252 3292 3626 3628 3703 3718 3827 3870 3876 3878 3914 3979 4129 4301 4524 4595 4649 4657 4659 4680 4761 4767 5016 5023 5034 5342 5451 5468 5498 5565 5613 5643 5668 9812 9831 9837 9852 9875 9876 9900 9914 9915 9916 9921 9937 9954 9971 9978 10009 10021 10025 10044 10054 10057 10064 10114 10122 10132 10137 10151 10158 10194 10199 10207 10215 10224 10227 10242 10253 10257 10260 10265 10279 10285 10291 10295 10328 10329 10336 10339 10349 10364 10365 10369 10370 10396 10402 10420 10424 10434 10441 10446 10456 
	}
	buildings_max_level_factor=1.000
        manpower=1
        state_category = town
        manpower=1
        state_category = town
}
