state={
	id=73
	name="STATE_73"
	provinces={
		176 199 498 791 1035 1091 1123 1741 1800 1918 1959 1978 2216 2224 2435 2550 2774 2840 2997 3077 3144 3171 3207 3558 3602 4173 4242 4258 4284 4399 4456 4489 4517 4637 4699 4854 4872 4890 4916 5027 5145 5189 5642 5651 5656 10081 10119 10131 10150 10187 10221 10230 10256 10259 10283 10298 10307 10343 10344 10353 10354 10368 10382 10394 10400 10409 10410 10422 10426 10444 10467 10490 10495 10499 10501 10525 10553 10564 
	}
	buildings_max_level_factor=1.000
        manpower=1
        state_category = town
        manpower=1
        state_category = town
}
