state={
	id=74
	name="STATE_74"
	provinces={
		30 236 283 284 326 371 420 551 772 804 833 858 916 959 962 975 1024 1048 1126 1143 1244 1350 1394 1457 1491 1504 1534 1556 1814 1821 1869 1879 1936 1954 1994 1996 2010 2139 2344 2396 2411 2486 2545 2649 2655 2688 2765 2797 2943 2946 3021 3078 3084 3110 3169 3347 3381 3421 3666 3742 3752 3832 3849 3868 3898 3919 4072 4140 4147 4450 4452 4539 4571 4586 4587 4612 4644 4714 4736 4743 4910 4951 5011 5021 5037 5222 5227 5248 5251 5320 5360 5407 5506 5527 5546 5630 5744 5819 5825 5921 9823 9827 9882 9905 9908 9913 9929 9948 10029 10041 10067 10072 10077 10087 10101 10102 10105 10118 10145 10156 10167 10177 10197 10198 10217 10233 10239 10250 10251 10254 10278 10294 10304 10305 10313 10314 10321 10340 10341 10360 10371 10372 10375 10387 10403 10405 10406 10408 10416 10419 10440 10458 10462 10484 10485 10498 10505 10507 10508 10511 10513 10523 10524 10533 10536 10537 10544 10561 10563 10570 10582 10584 10586 10591 10595 10608 10626 
	}
	buildings_max_level_factor=1.000
        manpower=1
        state_category = town
        manpower=1
        state_category = town
}
