state={
	id=75
	name="STATE_75"
	provinces={
		222 293 424 440 529 557 606 668 782 949 950 1181 1248 1496 1791 1848 1947 1986 2020 2092 2275 2500 2606 2672 2724 2732 2815 2876 2945 3059 3071 3183 3231 3289 3355 3603 3786 3830 3926 4145 4161 4185 4219 4394 4613 4671 4763 5095 5206 5239 5330 5412 5478 5572 5579 10055 10056 10085 10089 10109 10126 10127 10134 10139 10147 10148 10182 10183 10189 10225 10238 10258 10261 10275 10276 10284 10289 10292 10296 10297 10309 10322 10325 10331 10335 10346 10348 10356 10357 10378 10386 10398 10414 10435 10437 10450 10473 10476 10506 
	}
	buildings_max_level_factor=1.000
        manpower=1
        state_category = town
        manpower=1
        state_category = town
}
