state={
	id=78
	name="STATE_78"
	provinces={
		12 68 152 208 301 405 422 486 512 543 582 630 690 762 805 899 1051 1070 1105 1205 1223 1280 1308 1834 1968 2053 2106 2222 2410 2536 2577 2617 2934 2986 3073 3227 3234 3268 3362 3459 3550 3657 3691 3723 4035 4073 4203 4302 4515 4667 4701 5261 5666 5737 5877 5881 5886 10337 10345 10376 10397 10428 10447 10464 10471 10481 10491 10502 10503 10514 10521 10529 10530 10549 10557 10565 10576 10589 10601 10609 10610 10621 10630 10638 10657 10667 10673 10678 10679 10687 10698 
	}
	buildings_max_level_factor=1.000
        manpower=1
        state_category = town
        manpower=1
        state_category = town
}
