state={
	id=79
	name="STATE_79"
	provinces={
		165 187 259 291 406 412 713 767 864 925 988 1096 1172 1250 1373 1379 1436 1613 1619 1625 1645 1827 1926 1929 2019 2247 2683 2739 2818 2848 2866 2899 2992 3136 3301 3455 3843 3955 4057 4423 4507 4705 4850 4861 5107 5491 5538 5612 10449 10472 10477 10519 10527 10538 10555 10559 10562 10572 10573 10577 10578 10580 10581 10598 10600 10602 10606 10607 10616 10619 10622 10624 10625 10632 10633 10649 10650 10662 10666 10669 10684 10699 
	}
	buildings_max_level_factor=1.000
        manpower=1
        state_category = town
        manpower=1
        state_category = town
}
