state={
	id=8
	name="STATE_8"
	provinces={
		73 101 126 217 320 348 365 403 419 487 587 679 718 775 942 976 979 1242 1269 1288 1304 1319 1341 1450 1570 1600 1605 1618 1671 1840 1853 1884 1980 2237 2253 2286 2343 2366 2489 2583 2592 2861 3075 3150 3536 3641 3647 3661 3753 3877 3967 3991 4166 4182 4428 4484 4555 4608 4614 4651 4682 4710 5012 5090 5143 5319 5338 5362 5562 5639 5680 6028 6032 6033 6047 6065 6066 6084 6086 6087 6105 6111 6114 6115 6133 6139 6145 6153 6174 6183 6193 6198 6202 6211 6217 6225 6233 6259 6272 6285 6293 6327 6360 6371 6388 6394 
	}
	buildings_max_level_factor=1.000
        manpower=1
        state_category = town
        manpower=1
        state_category = town
}
