state={
	id=80
	name="STATE_80"
	provinces={
		85 134 240 246 261 436 438 499 523 575 576 676 743 993 1183 1432 1538 1687 1729 1833 1845 1875 1964 2595 2598 2628 2640 2690 2769 2784 2807 2837 2897 2961 3038 3063 3181 3258 3265 3308 3418 3472 3675 3721 3781 3821 3943 3949 4079 4087 4274 4335 4383 4385 4492 4562 4582 4617 4686 4792 4816 4820 4828 4845 4913 5049 5053 5196 5345 5358 5389 5465 5724 5805 5808 5843 10330 10383 10415 10417 10439 10443 10452 10463 10470 10480 10494 10500 10517 10528 10548 10551 10554 10556 10575 10579 10593 10596 10620 10636 10639 10641 10643 10646 10653 10654 10672 10676 10689 
	}
	buildings_max_level_factor=1.000
        manpower=1
        state_category = town
        manpower=1
        state_category = town
}
