state={
	id=81
	name="STATE_81"
	provinces={
		66 79 89 193 218 220 233 305 342 372 383 625 667 714 758 770 1154 1381 1404 1471 1514 1554 1564 1586 1746 1752 1777 1837 1997 2099 2183 2194 2306 2391 2467 2469 2524 2529 2573 2584 2616 2675 2705 2736 2791 2879 2930 2995 3015 3044 3250 3273 3334 3356 3419 3617 3620 3710 3717 3748 3754 3826 3881 3916 3948 4010 4069 4095 4133 4142 4165 4169 4216 4287 4339 4365 4449 4514 4646 4791 4988 5141 5175 5233 5368 5497 5635 5811 10399 10412 10413 10421 10431 10453 10455 10461 10465 10482 10483 10488 10496 10510 10512 10532 10535 10546 10552 10569 10571 10585 10590 10594 10597 10603 10604 10611 10614 10623 10628 10635 10642 10644 10645 10655 10656 10658 10681 10686 10693 10695 10702 
	}
	buildings_max_level_factor=1.000
        manpower=1
        state_category = town
        manpower=1
        state_category = town
}
