state={
	id=82
	name="STATE_82"
	provinces={
		35 110 212 238 276 363 451 617 781 872 877 1120 1124 1128 1166 1417 1439 1454 1472 1490 1533 1596 1751 1792 1897 1946 2226 2269 2329 2370 2416 2483 2544 2624 2639 2711 2766 2966 3108 3208 3224 3337 3412 3470 3501 3747 3770 3856 3863 3886 4464 4540 4579 4808 4866 4938 5138 5247 5355 5511 5513 5515 5780 5781 5845 10411 10433 10469 10478 10479 10487 10509 10515 10516 10534 10541 10543 10550 10560 10568 10583 10588 10592 10605 10613 10617 10631 10634 10637 10640 10648 10651 10652 10660 10663 10674 10675 10677 10688 10696 10697 10701 
	}
	buildings_max_level_factor=1.000
        manpower=1
        state_category = town
        manpower=1
        state_category = town
}
