state={
	id=83
	name="STATE_83"
	provinces={
		59 174 183 324 369 490 580 618 646 753 765 848 1208 1220 1310 1323 1552 1583 1616 1719 1892 2197 2455 2515 2596 2745 2755 2767 2836 2916 2924 2935 2978 3378 3445 3612 3688 4373 4398 4447 4589 4626 4662 4818 4848 4900 5043 5144 5610 5769 5833 5855 10629 10647 10659 10661 10668 10671 10680 10683 10685 10691 10694 10700 10703 10704 10706 10713 10715 10718 10724 10728 
	}
	buildings_max_level_factor=1.000
        manpower=1
        state_category = town
        manpower=1
        state_category = town
}
