state={
	id=84
	name="STATE_84"
	provinces={
		4 37 42 44 46 49 50 145 146 190 251 322 385 397 515 555 613 626 628 757 760 815 850 868 906 933 967 985 1089 1129 1130 1176 1302 1362 1433 1437 1492 1497 1499 1502 1547 1627 1652 1691 1818 1882 1949 1982 2059 2130 2223 2362 2408 2423 2468 2588 2594 2680 2746 2889 2933 3046 3089 3226 3492 3518 3625 3715 3772 3840 3909 4117 4170 4249 4486 4510 4544 4551 4584 4690 4813 4873 4968 5285 5523 5595 5607 5778 5824 5897 10587 10599 10612 10615 10618 10627 10664 10665 10670 10682 10690 10692 10705 10707 10708 10709 10710 10711 10712 10714 10716 10717 10719 10720 10721 10722 10723 10725 10726 10727 10729 10730 10731 10732 10733 10734 10735 10736 10737 
	}
	buildings_max_level_factor=1.000
        manpower=1
        state_category = town
        manpower=1
        state_category = town
}
